tensor([[[[  0]],

         [[  5]],

         [[  6]],

         [[  7]],

         [[  8]],

         [[  9]],

         [[ 11]],

         [[ 14]],

         [[ 16]],

         [[ 33]],

         [[ 41]],

         [[ 42]],

         [[112]],

         [[128]],

         [[153]],

         [[170]],

         [[171]],

         [[184]],

         [[191]],

         [[199]],

         [[204]],

         [[208]],

         [[210]],

         [[211]],

         [[213]],

         [[214]],

         [[215]],

         [[220]],

         [[240]],

         [[241]],

         [[255]],

         [[256]],

         [[257]],

         [[258]],

         [[259]],

         [[260]],

         [[261]],

         [[262]],

         [[263]],

         [[264]],

         [[265]],

         [[266]],

         [[267]],

         [[268]],

         [[269]],

         [[270]],

         [[271]],

         [[272]],

         [[273]],

         [[274]],

         [[275]],

         [[276]],

         [[277]],

         [[278]],

         [[279]],

         [[280]],

         [[281]],

         [[282]],

         [[283]],

         [[284]],

         [[285]],

         [[286]],

         [[287]],

         [[288]],

         [[289]],

         [[290]],

         [[291]],

         [[292]],

         [[293]],

         [[294]],

         [[295]],

         [[296]],

         [[297]],

         [[298]],

         [[299]],

         [[300]],

         [[301]],

         [[302]],

         [[303]],

         [[304]],

         [[305]],

         [[306]],

         [[307]],

         [[308]],

         [[309]],

         [[310]],

         [[311]],

         [[312]],

         [[313]],

         [[314]],

         [[315]],

         [[316]],

         [[317]],

         [[318]],

         [[319]],

         [[320]],

         [[321]],

         [[322]],

         [[323]],

         [[324]],

         [[325]],

         [[326]],

         [[327]],

         [[328]],

         [[329]],

         [[330]],

         [[331]],

         [[332]],

         [[333]],

         [[334]],

         [[335]],

         [[336]],

         [[337]],

         [[338]],

         [[339]],

         [[340]],

         [[341]],

         [[342]],

         [[343]],

         [[344]],

         [[345]],

         [[346]],

         [[347]],

         [[348]],

         [[349]],

         [[350]],

         [[351]],

         [[352]],

         [[353]],

         [[354]],

         [[355]],

         [[356]],

         [[357]],

         [[358]],

         [[359]],

         [[360]],

         [[361]],

         [[362]],

         [[363]],

         [[364]],

         [[365]],

         [[366]],

         [[367]],

         [[368]],

         [[369]],

         [[370]],

         [[371]],

         [[372]],

         [[373]],

         [[374]],

         [[375]],

         [[376]],

         [[377]],

         [[378]],

         [[379]],

         [[380]],

         [[381]],

         [[382]],

         [[383]],

         [[384]],

         [[385]],

         [[387]],

         [[390]],

         [[391]],

         [[392]],

         [[393]],

         [[394]],

         [[395]],

         [[396]],

         [[397]],

         [[399]],

         [[402]],

         [[403]],

         [[405]],

         [[407]],

         [[408]],

         [[410]],

         [[411]],

         [[412]],

         [[413]],

         [[417]],

         [[418]],

         [[419]],

         [[420]],

         [[422]],

         [[423]],

         [[424]],

         [[426]],

         [[428]],

         [[430]],

         [[431]],

         [[432]],

         [[433]],

         [[434]],

         [[436]],

         [[439]],

         [[440]],

         [[441]],

         [[442]],

         [[444]],

         [[445]],

         [[446]],

         [[447]],

         [[449]],

         [[451]],

         [[452]],

         [[453]],

         [[454]],

         [[455]],

         [[457]],

         [[459]],

         [[460]],

         [[463]],

         [[464]],

         [[465]],

         [[467]],

         [[469]],

         [[470]],

         [[472]],

         [[473]],

         [[474]],

         [[475]],

         [[476]],

         [[477]],

         [[478]],

         [[479]],

         [[480]],

         [[481]],

         [[482]],

         [[483]],

         [[484]],

         [[486]],

         [[487]],

         [[488]],

         [[489]],

         [[491]],

         [[492]],

         [[493]],

         [[494]],

         [[495]],

         [[496]],

         [[497]],

         [[498]],

         [[499]],

         [[500]],

         [[501]],

         [[502]],

         [[503]],

         [[504]],

         [[505]],

         [[506]],

         [[507]],

         [[509]],

         [[510]],

         [[511]],

         [[158]]]], device='cuda:0')
